14280
7842
12004
1633
13102
1705
1732
13564
19066
22032
14111
7253
6319
6838
9779
6559
7830
12211
13522
9022
16350
17473
3133
6039
6427
23267
5849
1692
9086
7776
16592
12513
6323
5863
12908
6808
6058
13953
5529
11726
12098
12285
21160
10732
22972
7
5412
7128
8494
7483
3542
11215
3608
14144
24140
9928
6984
10487
9664
20470
5384
4712
6656
9956
8408
3578
5845
21923
11475
8865
24928
4892
13157
2065
11152
2486
4354
14300
11686
11526
2355
2883
8425
8079
292
4360
5764
8958
463
14374
8281
23162
4956
18414
7308
1666
11555
10268
20948
1533
16301
16381
12084
23618
2259
14739
3651
19757
7334
12283
4397
4668
2374
13921
5428
12756
11674
3702
15801
12265
19825
9217
7633
12924
13057
1212
12379
2907
5390
9110
20277
7409
681
8503
18361
23618
742
7237
10788
8076
12967
10396
8751
15658
12481
9647
82
13709
1641
394
1682
3746
7014
7868
7654
12681
24933
2053
6243
13396
20051
162
15542
13493
16145
10681
7609
1709
4964
8135
9720
10758
2699
9805
1363
23262
3460
2581
7295
13074
10661
8939
8079
2537
6872
5463
11404
14708
5507
24550
22817
12283
3563
3416
750
22528
2569
9408
12377
12664
3730
13148
9299
17176
7567
5857
10412
15212
107
2848
9028
12763
569
38
17547
16141
11426
13641
13061
4927
17493
3624
5336
14048
8537
3533
11934
13619
14981
4855
11509
21918
3041
1428
2762
2626
10173
9369
1932
5589
5466
1376
2002
5899
3602
8791
6100
20589
14286
16138
4870
15545
1950
5227
5578
8711
3656
12034
15289
12666
7762
13895
2758
4213
10284
5311
8880
2180
3952
13792
8694
17407
3391
596
19407
7445
12539
4260
14291
17714
14043
3457
2387
10960
4378
19051
4098
22198
392
14093
12624
12005
1548
3529
18034
14611
11294
6010
9432
13529
11027
4094
20751
11621
21927
7537
15702
14072
634
5610
20034
8850
17671
2352
1946
536
10348
22770
13099
13352
12168
1772
953
6023
10668
2574
6145
2746
6285
12062
4163
5870
6870
3636
15411
14903
6468
6832
8977
5611
7745
9066
10319
9960
9983
7564
8535
19858
24985
11732
8681
22926
15676
14988
6116
821
24120
12453
17718
13995
10868
13948
19114
16940
10117
